epoch:6 loss: 0.06854285378481301
epoch:7 loss: 0.06205763303163186
