epoch:0 loss: 0.35674265698647833
epoch:1 loss: 0.25068127626264597
