epoch:0 loss: 0.8163956387535386
epoch:1 loss: 0.8154650741945142
